4294967279,350
4294967278,395
4294967278,292
4294967279,302
4294967278,135
3764,6
3764,5
3764,4
3764,3
3764,2
3764,1
4294967279,293
4294967278,436
4294967279,254
4294967278,258
3761,4
3761,3
3761,2
3761,1
4294967294,182
4294967278,244
3760,7
3760,6
3760,5
3760,4
3760,3
3760,2
3760,1
4294967278,279
4294967278,271
4294967279,379
4294967278,236
4294967278,228
4294967279,311
4294967279,214
4294967278,210
4294967294,920
4294967278,205
4294967278,204
3756,4
4294967279,204
3756,3
3756,2
3756,1
4294967278,202
4294967294,1419
3755,7
3755,6
3755,5
3755,4
4294967278,189
3755,3
3755,2
3755,1
4294967279,176
4294967278,131
4294967278,110
4294967278,107
4294967278,76
4294967278,67
4294967278,66
4294967278,65
4294967279,299
4294967279,68
4294967279,65
4294967279,54
4294967279,37
4294967279,20
4294967279,18
4294967294,900
4294967279,307
3752,6
3752,5
3752,4
3752,3
3752,2
3752,1
4294967278,323
4294967294,1420
4294967279,36
4294967278,296
4294967279,34
4294967278,295
3749,6
3749,5
4294967279,139
3749,4
3749,3
3749,2
3749,1
4294967278,282
4294967279,138
4294967279,318
4294967279,134
4294967279,22
4294967279,279
3746,4
3746,3
3746,2
3746,1
4294967279,258
4294967278,352
3745,6
4294967279,253
3745,5
3745,4
3745,3
3745,2
3745,1
4294967278,126
4294967278,294
3744,5
3744,4
3744,3
3744,2
3744,1
4294967278,326
4294967278,253
4294967294,396
4294967294,948
4294967294,402
4294967294,409
4294967294,109
4294967294,180
4294967279,243
4294967278,242
4294967279,241
3743,5
3743,4
3743,3
3743,2
3743,1
4294967278,237
4294967278,234
3742,5
4294967278,226
4294967279,225
3742,4
4294967278,224
3742,3
3742,2
3742,1
4294967278,293
4294967294,188
4294967294,179
4294967294,908
4294967279,209
3740,4
3740,3
3740,2
3740,1
4294967278,291
4294967278,95
4294967294,423
4294967279,314
4294967278,290
4294967279,313
4294967279,312
4294967278,289
4294967278,286
4294967279,553
4294967278,188
4294967278,384
4294967278,284
3739,6
3739,5
3739,4
3739,2
3739,1
4294967279,310
4294967279,287
4294967279,308
4294967278,251
3736,4
3736,3
3736,2
3736,1
3735,7
3735,6
3735,5
3735,4
3735,2
3735,1
4294967294,178
4294967294,466
3731,4
3731,3
3731,2
3731,1
3730,7
3730,6
3730,5
3730,4
3730,2
3730,1
4294967279,546
4294967294,919
4294967294,1418
4294967278,137
4294967278,266
3727,6
3727,5
3727,4
3727,3
3727,2
3727,1
4294967279,203
4294967279,198
4294967279,528
4294967278,191
4294967278,190
4294967279,190
3724,6
3724,5
3724,4
3724,2
3724,1
4294967278,283
4294967279,301
4294967279,181
4294967278,172
3721,4
3721,3
3721,2
3721,1
4294967279,306
3720,6
3720,5
3720,4
3720,3
3720,2
3720,1
3719,5
3719,4
3719,3
3719,2
3719,1
4294967279,305
3718,5
3718,4
3718,3
3718,2
3718,1
4294967278,447
4294967279,540
3717,5
3717,4
3717,3
3717,2
3717,1
4294967294,405
4294967294,462
4294967294,394
4294967294,417
4294967279,304
3715,4
3715,3
3715,2
3715,1
4294967278,401
4294967279,289
4294967279,330
4294967294,392
4294967294,173
4294967294,899
4294967278,96
4294967278,69
4294967278,391
3714,6
3714,5
3714,4
3714,2
3714,1
3711,4
3711,3
3711,2
3711,1
3710,7
3710,6
3710,5
3710,4
3710,2
3710,1
4294967279,524
4294967279,339
4294967278,177
4294967294,497
4294967279,175
3706,4
3706,3
3706,2
3706,1
3705,7
4294967278,147
3705,6
3705,5
3705,4
3705,2
3705,1
4294967294,408
4294967294,191
4294967294,403
4294967278,142
4294967278,446
4294967279,558
4294967278,273
4294967278,270
3702,6
3702,5
3702,4
3702,3
3702,2
3702,1
4294967278,328
4294967279,248
3699,6
3699,5
3699,4
3699,2
3699,1
4294967278,445
4294967278,444
4294967278,364
3696,4
3696,3
3696,2
3696,1
3695,6
3695,5
3695,4
3695,3
3695,2
3695,1
3694,5
3694,4
3694,3
3694,2
3694,1
4294967294,412
4294967294,406
4294967294,420
4294967294,443
4294967294,454
3693,5
3693,4
3693,3
3693,2
3693,1
4294967279,174
4294967278,183
3692,5
3692,4
3692,3
3692,2
3692,1
4294967278,178
4294967278,175
4294967279,177
4294967278,173
4294967278,168
3690,4
3690,3
3690,2
3690,1
4294967278,342
4294967278,348
4294967279,297
4294967278,443
4294967279,331
4294967294,389
4294967294,38
4294967294,37
4294967294,496
4294967279,572
4294967278,398
3689,6
3689,5
3689,4
3689,2
3689,1
4294967278,415
4294967294,385
4294967294,449
4294967294,184
3686,4
3686,3
3686,2
3686,1
4294967278,278
4294967279,517
3685,7
3685,6
3685,5
3685,4
3685,2
3685,1
3681,4
3681,3
3681,2
3681,1
3680,7
3680,6
3680,5
3680,4
3680,2
3680,1
4294967279,276
4294967294,162
4294967279,189
4294967278,187
4294967278,182
4294967279,534
4294967278,179
4294967278,441
4294967278,399
3677,6
3677,5
3677,4
3677,3
3677,2
3677,1
4294967278,439
4294967294,1447
4294967278,337
4294967294,1446
3674,6
3674,5
3674,4
3674,2
3674,1
4294967279,2
4294967278,438
4294967294,1445
4294967279,282
3671,4
3671,3
3671,2
3671,1
4294967294,111
4294967294,189
4294967294,384
4294967278,269
3670,6
4294967294,910
3670,5
3670,4
3670,3
3670,2
3670,1
3669,5
3669,4
3669,3
3669,2
3669,1
4294967278,315
4294967279,519
4294967279,286
4294967278,437
4294967278,327
4294967279,559
3668,5
3668,4
3668,3
3668,2
3668,1
4294967278,435
3667,5
4294967279,239
4294967278,238
3667,4
4294967279,237
3667,3
3667,2
3667,1
4294967279,236
4294967279,571
3666,5
3666,4
3666,3
3666,2
3666,1
3665,4
3665,3
3665,2
3665,1
4294967294,494
4294967278,241
4294967279,549
4294967279,234
4294967279,539
4294967294,495
4294967279,278
4294967278,98
4294967278,83
4294967278,81
4294967278,217
4294967278,340
4294967279,59
4294967279,266
4294967278,86
4294967279,565
3664,6
3664,5
3664,4
3664,2
3664,1
4294967278,433
4294967278,432
4294967278,2
4294967278,88
4294967278,430
3661,4
3661,3
3661,2
3661,1
3660,7
4294967278,156
3660,6
3660,5
3660,4
3660,2
3660,1
4294967278,428
4294967278,427
4294967278,109
4294967278,93
4294967278,85
4294967278,174
3656,4
3656,3
3656,2
3656,1
3655,7
4294967279,300
3655,6
3655,5
3655,4
3655,2
3655,1
4294967279,564
4294967278,426
4294967279,514
4294967278,425
4294967294,914
4294967294,1444
3652,6
4294967278,222
3652,5
3652,4
3652,3
3652,2
3652,1
4294967278,390
4294967279,354
4294967279,213
4294967294,1443
4294967278,84
3649,6
3649,5
3649,4
3649,2
3649,1
4294967294,167
4294967294,461
4294967294,1442
4294967279,545
4294967278,180
3646,4
3646,3
3646,2
3646,1
4294967279,171
3645,6
4294967278,420
3645,5
4294967278,166
3645,4
3645,3
3645,2
3645,1
3644,5
3644,4
3644,3
3644,2
3644,1
3643,5
3643,4
3643,3
3643,2
3643,1
4294967279,334
4294967278,419
3642,5
4294967278,143
3642,4
3642,3
3642,2
3642,1
3640,4
3640,3
3640,2
3640,1
4294967278,350
4294967279,548
4294967294,390
4294967278,416
4294967294,89
4294967279,554
4294967278,397
4294967279,288
3639,6
3639,5
3639,4
3639,2
3639,1
4294967279,285
4294967278,413
4294967279,568
3636,4
3636,3
3636,2
3636,1
4294967278,411
4294967279,530
3635,7
3635,6
3635,5
3635,4
4294967279,202
3635,2
3635,1
4294967294,906
4294967279,232
4294967278,410
4294967278,409
3631,4
3631,3
3631,2
3631,1
4294967278,408
3630,7
4294967279,512
4294967278,161
3630,6
3630,5
3630,4
3630,2
3630,1
4294967279,291
4294967278,322
4294967279,218
4294967279,335
4294967278,149
4294967279,332
4294967279,146
4294967278,145
4294967278,144
4294967278,332
4294967294,1441
3627,6
3627,5
3627,4
3627,3
3627,2
3627,1
4294967278,418
4294967279,380
4294967279,566
4294967294,1440
4294967294,916
4294967294,469
4294967294,108
4294967294,413
4294967278,429
4294967279,284
4294967294,1439
4294967279,515
3624,6
4294967279,552
3624,5
3624,4
3624,2
3624,1
4294967279,550
4294967294,1438
4294967278,248
4294967279,235
4294967278,232
3621,4
3621,3
3621,2
3621,1
4294967279,283
3620,6
4294967278,216
4294967279,219
4294967279,217
3620,5
3620,4
3620,3
3620,2
3620,1
4294967279,281
3619,5
4294967279,207
3619,4
3619,3
3619,2
3619,1
4294967279,563
4294967278,196
3618,5
3618,4
3618,3
3618,2
3618,1
3617,5
3617,4
3617,3
3617,2
3617,1
4294967279,562
3615,4
3615,3
3615,2
3615,1
0,7
4294967294,120
4294967294,1
4294967294,969
4294967294,903
4294967294,185
4294967294,902
4294967294,436
4294967294,0
4294967294,5
4294967294,468
4294967294,493
4294967294,411
4294967294,913
4294967294,966
4294967279,561
4294967278,440
4294967294,387
4294967279,228
4294967294,46
4294967294,388
4294967294,44
4294967294,115
4294967294,114
4294967294,2
4294967279,274
4294967279,226
4294967279,0
4294967294,40
4294967294,107
4294967294,50
4294967294,91
4294967294,90
4294967294,87
4294967294,86
4294967294,85
4294967294,84
4294967294,950
4294967294,921
4294967294,949
4294967294,29
4294967294,418
4294967294,28
4294967294,946
4294967294,27
4294967294,53
4294967294,1417
4294967294,45
4294967294,426
4294967294,36
4294967294,96
4294967294,94
4294967294,9
4294967294,8
4294967294,22
4294967294,17
4294967294,39
4294967294,42
4294967294,67
4294967294,99
4294967294,76
4294967294,41
4294967294,1416
4294967294,43
4294967294,416
4294967294,51
4294967294,52
4294967294,25
4294967294,26
4294967294,1414
4294967294,83
4294967294,93
4294967294,95
4294967294,972
4294967294,82
4294967294,81
4294967294,92
4294967294,88
4294967293,131
4294967293,130
4294967293,129
4294967293,128
4294967293,127
4294967293,126
4294967293,125
4294967293,124
4294967293,123
4294967293,122
4294967293,121
4294967293,120
4294967293,119
4294967293,118
4294967293,117
4294967293,116
4294967293,115
4294967293,114
4294967293,113
4294967293,112
4294967293,111
4294967293,110
4294967293,109
4294967293,108
4294967293,107
4294967293,106
4294967293,105
4294967293,104
4294967293,103
4294967293,102
4294967293,101
4294967293,100
4294967293,99
4294967293,98
4294967293,97
4294967293,96
4294967293,95
4294967293,94
4294967293,93
4294967293,92
4294967293,91
4294967293,90
4294967293,89
4294967293,87
4294967293,86
4294967293,85
4294967293,84
4294967293,83
4294967293,82
4294967293,81
4294967293,80
4294967293,79
4294967293,78
4294967293,77
4294967293,76
4294967293,75
4294967293,74
4294967293,73
4294967293,72
4294967293,71
4294967293,70
4294967293,69
4294967293,68
4294967293,67
4294967293,66
4294967293,65
4294967293,64
4294967293,63
4294967293,62
4294967293,61
4294967293,60
4294967293,59
4294967293,58
4294967293,57
4294967293,56
4294967293,55
4294967293,54
4294967293,53
4294967293,52
4294967293,51
4294967293,50
4294967293,49
4294967293,48
4294967293,47
4294967293,46
4294967293,45
4294967293,44
4294967293,43
4294967293,42
4294967293,41
4294967293,40
4294967293,39
4294967293,38
4294967293,37
4294967293,36
4294967293,35
4294967293,34
4294967293,33
4294967293,32
4294967293,31
4294967293,30
4294967293,29
4294967293,28
4294967293,27
4294967293,26
4294967293,25
4294967293,24
4294967293,23
4294967293,22
4294967293,21
4294967293,20
4294967293,19
4294967293,18
4294967293,17
4294967293,16
4294967293,15
4294967293,14
4294967293,13
4294967293,12
4294967293,11
4294967293,10
4294967293,9
4294967293,8
4294967293,7
4294967293,6
4294967293,5
4294967293,4
4294967293,3
4294967278,334
4294967278,0
4294967278,260
4294967278,33
4294967278,31
4294967278,30
4294967278,29
4294967278,28
4294967278,26
4294967278,24
4294967278,23
4294967278,22
4294967278,21
4294967278,20
4294967278,19
4294967278,18
4294967278,17
4294967278,16
4294967278,13
4294967278,12
4294967278,11
4294967278,10
4294967278,8
4294967278,7
4294967278,6
4294967278,5
4294967279,130
4294967279,128
4294967279,127
4294967279,126
4294967279,125
4294967279,123
4294967279,122
4294967279,121
4294967279,120
4294967279,119
4294967279,118
4294967279,117
4294967279,115
4294967279,113
4294967279,112
4294967279,111
4294967279,110
4294967279,108
4294967279,105
4294967279,103
4294967279,102
4294967279,101
4294967279,99
4294967279,98
4294967279,97
4294967279,94
4294967279,92
4294967279,91
4294967279,90
4294967279,89
4294967279,87
4294967279,82
4294967279,542
0,5
4294967294,7
4294967294,6
4294967278,405
3614,6
3614,5
3614,4
3614,2
3614,1
4294967278,404
4294967279,109
4294967279,107
4294967279,106
4294967279,96
4294967279,93
4294967279,85
4294967279,84
4294967279,83
4294967279,269
4294967278,403
4294967279,527
4294967278,393
3611,4
3611,3
3611,2
3611,1
4294967294,393
3610,7
3610,6
3610,5
3610,4
3610,2
3610,1
4294967278,312
4294967294,399
4294967294,901
4294967279,227
3606,4
3606,3
3606,2
3606,1
4294967279,104
4294967278,361
3605,7
4294967279,210
4294967278,209
4294967278,394
4294967279,95
3605,6
3605,5
3605,4
3605,2
3605,1
4294967279,81
4294967279,86
4294967279,199
4294967279,195
4294967279,377
4294967279,343
4294967278,185
4294967279,574
4294967294,1437
3602,6
3602,5
3602,4
3602,3
3602,2
3602,1
4294967279,180
4294967278,169
4294967294,1436
4294967278,167
4294967278,164
4294967278,396
4294967279,220
4294967279,161
4294967278,158
4294967294,1435
4294967278,157
3599,6
3599,5
4294967278,155
3599,4
3599,2
3599,1
4294967279,328
4294967278,154
4294967294,1434
3596,4
3596,3
3596,2
3596,1
4294967279,541
4294967278,136
4294967278,134
3595,6
4294967279,271
4294967278,392
3595,5
3595,4
3595,3
3595,2
3595,1
3594,5
3594,4
4294967278,265
3594,3
3594,2
3594,1
3593,5
3593,4
3593,3
3593,2
3593,1
4294967279,374
3592,5
3592,4
4294967279,250
3592,3
3592,2
3592,1
4294967294,450
4294967278,246
4294967278,389
3590,4
3590,3
3590,2
3590,1
4294967278,388
4294967278,387
4294967279,88
4294967278,302
4294967279,201
4294967279,200
4294967278,386
4294967294,169
4294967279,216
4294967294,962
4294967278,231
4294967278,141
4294967278,140
4294967279,324
4294967279,280
4294967279,261
4294967279,322
4294967278,247
4294967278,285
4294967278,262
4294967278,245
4294967279,255
4294967278,261
4294967279,560
4294967279,522
4294967279,516
4294967279,249
4294967278,250
4294967279,247
4294967294,1433
4294967279,245
4294967278,240
4294967294,1432
4294967279,526
4294967279,231
4294967279,229
4294967294,1431
4294967278,220
4294967279,223
4294967279,221
4294967279,215
4294967279,569
4294967294,1430
4294967279,206
4294967279,205
4294967278,239
4294967279,525
4294967294,1429
4294967279,191
4294967279,188
3570,6
4294967294,415
4294967294,457
3570,5
3570,4
3570,3
3570,2
3570,1
3569,5
4294967279,172
3569,4
3569,3
3569,2
3569,1
4294967278,235
4294967278,160
3568,5
